4.049763829732893061e-01
-1.702331822261489783e-02
3.843172032219703826e-01
3.986718237844485424e-01
2.674988526755843754e-01
4.118953504720794800e-01
1.060687427533468646e-01
5.540203487879660771e-02
-1.431026723585772896e-02
-1.338277132224222621e-01
2.486010024079724767e-01
5.057516325698570986e-02
2.651895625021124733e-02
-2.073988347200622639e-02
-1.443825687481816999e-01
-1.257451847132998735e-01
-1.571623032639528905e-01
-8.343844424918554770e-02
-5.926517168562821930e-02
-8.301640832411130710e-02
-1.032169722122546901e-01
-9.543528903433147470e-02
-3.596417908541789735e-03
2.070349678990893172e-02
3.202967454038563311e-01
2.614037820828621905e-01
-2.324561769233681463e-01
2.943518838933211201e-01
-4.125833056553902117e-02
2.929978955762805315e-01
-1.111330497073731438e-01
-2.262244889581350726e-01
2.415306581282765375e-02
7.914507885152777256e-01
-7.247375357126568940e-02
-5.671983216081938339e-01
-1.292146439168401217e-01
-1.159999222825791598e-01
-1.560152485210995754e-01
-9.411381900814740423e-03
-1.932844849746426577e-02
3.805310200339125370e-01
-9.139043222529763533e-02
-1.610907374370024181e-01
-1.245974271788389126e-01
-2.733956573849920524e-01
-6.853973571351466842e-02
3.344321203979669366e-01
4.807328054887460844e-02
3.398282917220847577e-02
4.347082548921638728e-02
-2.924799735213331683e-02
-1.450203995185790073e-01
7.140023612130711461e-01
-3.383850058139811767e-01
-1.512210029069573081e-01
-4.042921163146099839e-01
-2.514414140052476654e-01
2.217281418627855272e-01
-5.341407824271839078e-02
2.564383211178501709e-02
-1.586434686894703516e-01
-5.553005248019662887e-02
1.491875502629231021e-01
1.763729324708168678e-02
1.819704601344292530e-02
6.937466695080391453e-03
-3.492966814684143884e-02
8.389744994253349117e-03
-3.977067170519467398e-02
-1.161882033905336196e-02
-4.378151521759822418e-02
2.433665959024167852e-02
2.309907592672869742e-02
2.269215040425555732e-02
-9.229885960416355992e-03
-3.242525689395682476e-02
-2.468922330172020757e-02
-4.524886877828039090e-03
-1.321087478489078176e-02
9.647128108387196394e-03
1.907336794239607603e-03
3.908879278738588287e-02
3.891612865575538871e-02
-1.690447927994247505e-03
2.727311173646700115e-02
-1.607789059494251632e-02
2.543189932525214206e-02
-1.515073288204808570e-02
-1.110703387517205237e-01
-2.270582480172488385e-02
-2.170548420120910899e-02
-2.606742229871496230e-02
2.482796507651379922e-02
-8.518053704858681227e-03
-2.169409639823020527e-02
-4.060229566116833194e-02
-1.609506640328717210e-04
-1.043691627828561598e-02
3.370913239604331202e-02
-1.331174881359587468e-02
-1.141824382848303024e-02
5.685959758561802413e-02
-2.503881328601268580e-02
1.762302371373636670e-02
4.997345707380152977e-03
