-1.373986724748978427e-01
4.988691873220645057e-03
-1.202742350745814315e-01
-1.249887699799592383e-01
-8.416027538851307555e-02
-1.271766832249360824e-01
-3.141042974323589310e-02
-1.503470244502756910e-02
7.656214631592305093e-03
4.688431533743369489e-02
-7.775034467033196950e-02
-1.866022970396783928e-02
-1.169359859300711513e-02
7.414439723102273470e-03
3.739622088077234480e-02
4.013379496517011785e-02
4.244692620438034192e-02
2.509694468182963045e-02
2.174992354335145844e-02
1.630739781933705085e-02
3.648000143413077795e-02
3.500541357024495454e-02
-2.039984948380412291e-03
-1.755398932446708199e-03
-1.037852491350598483e-01
-7.040426411710166976e-02
7.009456486365168992e-02
-1.006900775920479274e-01
9.974239059063357699e-03
-8.397839048716654320e-02
4.147973757741896944e-02
7.315677505216230947e-02
-6.319840067495022772e-03
-2.454880992122476513e-01
2.176648423039789088e-02
1.764841741570079836e-01
3.796192907584566151e-02
3.098473798182642402e-02
5.508919158285072865e-02
4.091518818707988382e-04
4.857373259077689756e-03
-1.204907730391371473e-01
3.407659597812636582e-02
4.480217198106534876e-02
3.352576794488362072e-02
8.933158132156485132e-02
1.703604937928462904e-02
-1.007454923348858611e-01
-1.703065882593297539e-02
-1.291237263681104322e-02
-1.812009394110237342e-02
1.761942819791999931e-02
3.780414686511836958e-02
-2.224515268703199655e-01
9.895519208130970634e-02
4.291407858001156789e-02
1.278199670445973879e-01
8.510136704289779364e-02
-6.528416437858484966e-02
1.226564544190507887e-02
-3.025234767254340266e-03
4.643054037906317599e-02
1.822499362673122431e-02
-4.544710795929933489e-02
-1.441664940699662317e-03
-5.891971133018849595e-03
-6.867022408429923098e-03
1.533702527744779803e-02
9.042455687676679730e-04
1.666737065835255729e-02
2.188719917820208718e-03
1.222663196073852862e-02
-3.451300474425408708e-03
-6.970505544950667161e-03
-8.272214649764957073e-03
-4.743956694081895818e-03
1.256675269858718857e-02
9.154540618219079518e-04
5.397643759583237166e-03
1.951923418458302237e-03
5.787170402263522740e-04
3.040882248220997102e-03
-1.848688283800907495e-02
-5.047834180218027308e-03
1.839437471470917618e-03
-4.732721571032398947e-03
1.221602027789671537e-02
-7.200564807375444722e-03
5.197454181231225996e-03
3.779769572500001756e-02
9.438057692857394418e-03
5.197454181236020772e-03
1.027938580305251710e-02
-6.679032507003556003e-03
2.476738208071052171e-03
1.754752418778714011e-03
5.930445845237187867e-03
-1.248428952316949034e-03
5.148289644461198286e-03
-2.021452441169946032e-03
2.390853062713051407e-03
3.223142866068976972e-03
-2.195010156340486060e-02
1.690120846852611811e-02
-3.080373013360852754e-03
-2.670817444024451565e-03
